
1 1 76766
1 2 59433
1 4 57527
1 8 86002
1 16 59494
1 32 59907
1 64 59631
1 128 95168
1 256 56544
1 512 68139
1 1024 56865
1 2048 97864
1 4096 58603
1 8192 78573
1 16384 58086
1 32768 91575
1 65536 64777
1 131072 70686
1 262144 98178
1 524288 72880
1 1048576 86099
1 2097152 103689
1 4194304 156362
1 8388608 206746
1 16777216 352539
1 33554432 698885
1 67108864 1143017
1 134217728 2138965
1 268435456 4190462
1 536870912 9078896
1 1073741824 19606509
1 2147483648 34630972
2 1 89448
2 2 97170
2 4 139062
2 8 90198
2 16 89562
2 32 99188
2 64 100826
2 128 144450
2 256 115400
2 512 160371
2 1024 128450
2 2048 228902
2 4096 86451
2 8192 191436
2 16384 97648
2 32768 192023
2 65536 56219
2 131072 65359
2 262144 59109
2 524288 75415
2 1048576 82685
2 2097152 121743
2 4194304 139816
2 8388608 195769
2 16777216 369074
2 33554432 612550
2 67108864 1149702
2 134217728 2211451
2 268435456 4762334
2 536870912 9226169
2 1073741824 20056282
2 2147483648 35754935
